454512
454513
454514
454515
454516
454517
454518
454519
454520
454522
454525
454526
454527
454529
454530
454532
454533
454534
454536
454538
454540
454542
454543
454544
454545
454546
454547
454548
454549
454550
454551
454552
454553
454554
454555
454556
454558
454560
454562
454563
454564
454565
454566
454567
454568
454569
454570
454571
454572
454573
454574
454575
454576
454577
454578
454579
454580
454581
454582
454583
454584
454585
454586
454587
454588
454589
454590
454591
454592
454593
454594
454596
454597
454598
454599
454600
454601
454602
454603
454604
454605
454606
454607
454608
454609
454610
454611
454612
454613
454614
454615
454616
454617
454618
454619
454620
454621
454622
454623
454624
454625
454626
454627
454628
454629
454630
454631
454632
454633
454634
454635
454636
454637
454638
454639
454640
454641
454642
454643
454644
454645
454646
454648
454651
454652
454659
454660
454661
454662
454663
454664
454665
454666
454667
454669
453518
453507
453519
456320
456059
455808
453512
453513
453517
453521
453514
453506
453508
453509
453516
453520
453510
453511
453505
453515
453522